2.449185413030560265e-03
9.218192317421083914e-02
8.975615975274420233e-02
2.085467390055855807e-03
1.188816171699967486e-03
1.802034291794794157e-03
1.136993543716295933e-03
6.561057579108433863e-04
-1.516037445695762658e-03
-1.457689712604878264e-02
-1.186130544306997561e-02
-1.358137463325560139e-03
-1.575733089506988968e-02
-1.507435835252679893e-02
-1.585306598350202587e-02
-1.124478676400415406e-01
-1.698494144780816548e-02
-2.539308445272873624e-02
-1.164792678390254299e-01
-1.990397064282246886e-01
-7.012269030249262958e-02
-2.612624216900379936e-01
-7.212964622726741881e-02
-2.594940801127553764e-01
-3.157009554752464586e-01
-4.150684343069360738e-01
-3.109861749868867431e-01
-4.130286764756084250e-01
-4.510145353495345621e-01
-4.889157386944336658e-01
-4.528067622240112833e-01
-4.916274605161923827e-01
-8.031110820948818008e-01
-4.927468583056123785e-01
-7.970486554250073574e-01
-1.054272725555287921e-02
