2.011853603706442609e-04
5.099705674237477865e-02
5.129328598851248117e-02
1.017208311625335260e-03
7.481544339119162242e-05
1.156951087321055093e-04
-1.374141928143040833e-04
-3.073458599724893710e-03
-1.800218669305587158e-04
-8.551780535887129955e-03
-9.241106667292092042e-03
-3.181099466613097719e-03
-9.569524783871557333e-03
-1.036736183366547721e-02
-9.649779737428627532e-03
-9.787990866581207372e-02
-1.331580798667683641e-02
-1.415514311989749321e-02
-9.828952535503954202e-02
-1.887803797676129713e-01
-8.045979044090532939e-02
-2.613691906850335034e-01
-8.067868894534868662e-02
-2.611923841572790228e-01
-2.966295675345645422e-01
-4.223498533368802987e-01
-3.148979195906128625e-01
-4.499353631068453985e-01
-4.405668397821098647e-01
-4.814441352084506409e-01
-4.560738075916107581e-01
-4.999472736710527943e-01
-7.712326520638009830e-01
-5.000590796304793528e-01
-7.706403007310744790e-01
-1.054272830982696738e-02
