1.350013757245189516e-01
8.707880047896314479e-02
2.863966579657690678e-02
2.665938072850667306e-04
9.572654469512778585e-05
8.854967911422359180e-05
5.333296679786033275e-05
1.206704561045348863e-05
-8.781141075029899785e-05
-9.173769115831583441e-05
-2.599409264358039482e-04
-7.220145112604697130e-03
-8.764052261454040316e-03
-9.893814138875429293e-03
-1.030911070433764704e-02
-1.035375034535181843e-02
-1.094645575242616728e-02
-1.101717685523195475e-02
-1.150822096085168597e-02
-3.021826321997261866e-02
-7.270000700521539461e-02
-1.158361725015775029e-01
-1.550362200388517020e-01
-1.963892842229519875e-01
-2.471787002169126835e-01
-3.072244334328339543e-01
-3.817194506485793171e-01
-4.354520375746702143e-01
-4.760610996073114665e-01
-5.129252201292761049e-01
-5.398991831667743213e-01
-5.633870313027685706e-01
-5.854434831439178089e-01
-6.144911092595786162e-01
-6.898388484746917904e-01
-7.076780336513116554e-01
