2.011853603706685199e-04
5.169117752266823296e-02
5.179255169858997671e-02
4.558670178748982214e-04
7.481544339101991190e-05
1.156951087319823710e-04
-1.652042012168400439e-05
-2.921761813898823053e-03
-1.800218669302277089e-04
-8.551780535887129955e-03
-9.241106667292104185e-03
-3.877593282543698866e-03
-9.377132524941078281e-03
-1.043516535746365735e-02
-9.649779737428587634e-03
-9.787990866581265659e-02
-1.322876856360295783e-02
-1.457389002249978582e-02
-9.828952535503873711e-02
-1.887803797676108064e-01
-8.046101191072956016e-02
-2.613691906850369451e-01
-8.067849067033551480e-02
-2.611923841572786342e-01
-2.966295675348529226e-01
-4.222005105472882991e-01
-3.148979195903146566e-01
-4.499294716126786553e-01
-4.405668397821200788e-01
-4.815993694919900592e-01
-4.560738075916112577e-01
-4.999472736711835230e-01
-7.712326520638150829e-01
-5.000590796305887098e-01
-7.706403007310718145e-01
-1.054272830984394685e-02
